 ,     15001530  ,     ESA15149271        ,                   ,      0990000221       ,      20/05/2009,            6403,61  ,     0    , 
 ,     8000635   ,     ESA08112716        ,                   ,      0990000222       ,      20/06/2009,             689,03  ,     0    , 
 ,     8000635   ,     ESA08112716        ,                   ,      0990000223       ,      20/06/2009,             560,40  ,     0    , 
 ,     8000635   ,     ESA08112716        ,                   ,      0990000224       ,      20/06/2009,             431,28  ,     0    , 
 ,     8000635   ,     ESA08112716        ,                   ,      0990000225       ,      20/06/2009,             408,77  ,     0    , 
 ,     28147371  ,     ESU84019223        ,                   ,      0990000226       ,      15/05/2009,             670,13  ,     0    , 
 ,     18004173  ,     ESB18464677        ,                   ,      0990000227       ,      05/06/2009,            6849,32  ,     0    , 
 ,     41005751  ,     ESB41054644        ,                   ,      0990000228       ,      25/05/2009,            1128,77  ,     0    , 
 ,     30013415  ,     ESB30157622        ,                   ,      0990000229       ,      10/06/2009,            1370,66  ,     0    , 
 ,     43024655  ,     ESB43816271        ,                   ,      0990000230       ,      05/06/2009,             177,32  ,     0    , 
 ,     28014687  ,     ESA26019992        ,                   ,      0990000231       ,      15/08/2009,            2354,46  ,     0    , 
 ,     28030817  ,     ESA81940371        ,                   ,      0990000232       ,      25/08/2009,              46,23  ,     0    , 
 ,     50000796  ,     ESB50063569        ,                   ,      0990000233       ,      25/05/2009,            1021,00  ,     0    , 
 ,     124100559 ,     FR19338702921      ,                   ,      0990000234       ,      15/04/2009,             257,15  ,     0    , 
 ,     124100559 ,     FR19338702921      ,                   ,      0990000235       ,      15/04/2009,            1662,84  ,     0    , 
 ,     28010026  ,     ESA46146387        ,                   ,      0990000236       ,      10/08/2009,             840,11  ,     0    , 
 ,     28010026  ,     ESA46146387        ,                   ,      0990000237       ,      10/08/2009,              74,27  ,     0    , 
 ,     50006386  ,     ESA50048941        ,                   ,      0990000238       ,      05/05/2009,             671,44  ,     0    , 
 ,     139145936 ,     IT01597370681      ,                   ,      0990000239       ,      06/05/2009,           11980,29  ,     0    , 
 ,     19004586  ,     ESB19236157        ,                   ,      0990000241       ,      06/05/2009,             140,37  ,     0    , 
 ,     15000106  ,     ESA15168156        ,                   ,      0990000242       ,      25/07/2009,             254,11  ,     0    , 
 ,     26000315  ,     ESA26038265        ,                   ,      0990000243       ,      25/05/2009,             224,18  ,     0    , 
 ,     8012568   ,     ESA28854727        ,                   ,      0990000244       ,      15/08/2009,            1009,57  ,     0    , 
 ,     8012568   ,     ESA28854727        ,                   ,      0990000245       ,      15/08/2009,            1215,01  ,     0    , 
 ,     11002005  ,     ESB11668878        ,                   ,      0990000246       ,      05/06/2009,            2956,47  ,     0    , 
 ,     32000871  ,     ESB32005258        ,                   ,      0990000247       ,      05/06/2009,             332,42  ,     0    , 
 ,     28090276  ,     ESA83283861        ,                   ,      0990000248       ,      15/05/2009,              60,82  ,     0    , 
 ,     25002017  ,     ESA25200536        ,                   ,      0990000249       ,      20/06/2009,             307,31  ,     0    , 
 ,     28180143  ,     ESB85534089        ,                   ,      0990000250       ,      05/06/2009,             993,08  ,     0    , 
 ,     33004235  ,     ESB33805185        ,                   ,      0990000251       ,      25/06/2009,             449,44  ,     0    , 
 ,     28157912  ,     ESB85187292        ,                   ,      0990000252       ,      25/08/2009,             265,81  ,     0    , 
 ,     19000382  ,     ESA19159672        ,                   ,      0990000253       ,      06/04/2009,             180,22  ,     0    , 
 ,     28017698  ,     ESA28949386        ,                   ,      0990000254       ,      10/06/2009,             170,86  ,     0    , 
 ,     33008143  ,     ESB33660440        ,                   ,      0990000255       ,      25/08/2009,              69,61  ,     0    , 
 ,     31006712  ,     ESB31671217        ,                   ,      0990000256       ,      06/05/2009,            1345,60  ,     0    , 
 ,     28006539  ,     ESA28009389        ,                   ,      0990000257       ,      05/06/2009,             993,08  ,     0    , 
 ,     22000406  ,     ESB22165096        ,                   ,      0990000258       ,      25/05/2009,              76,55  ,     0    , 
 ,     46016758  ,     ESB96725205        ,                   ,      0990000259       ,      10/08/2009,             308,53  ,     0    , 
 ,     30053775  ,     ESB73565178        ,                   ,      0990000260       ,      06/05/2009,            1154,51  ,     0    , 
 ,     28000810  ,     ESA28038784        ,                   ,      0990000261       ,      10/08/2009,              38,86  ,     0    , 
 ,     124100559 ,     FR19338702921      ,                   ,      0990000262       ,      15/02/2009,             517,60  ,     0    , 
 ,     11000211  ,     ESB11650801        ,                   ,      0990000263       ,      30/06/2009,            3773,71  ,     0    , 
 ,     41011837  ,     ESB91016121        ,                   ,      0990000265       ,      10/05/2009,            1488,86  ,     0    , 
 ,     8000635   ,     ESA08112716        ,                   ,      0990000266       ,      20/06/2009,            7580,60  ,     0    , 
 ,     50001554  ,     ESA50316595        ,                   ,      0990000267       ,      15/05/2009,              47,65  ,     0    , 
 ,     26000315  ,     ESA26038265        ,                   ,      0990000268       ,      25/05/2009,             143,55  ,     0    , 
 ,     22000406  ,     ESB22165096        ,                   ,      0990000269       ,      25/05/2009,              32,00  ,     0    , 
 ,     6014548   ,     ESB64066996        ,                   ,      0990000270       ,      10/02/2009,            1259,67  ,     0    , 
 ,     28017698  ,     ESA28949386        ,                   ,      0990000271       ,      10/06/2009,             333,43  ,     0    , 
 ,     28001699  ,     ESA28357093        ,                   ,      0990000272       ,      20/08/2009,              20,22  ,     0    , 
 ,     50009230  ,     ESB50805050        ,                   ,      0990000273       ,      10/05/2009,             407,09  ,     0    , 
 ,     28002119  ,     ESA28010478        ,                   ,      0990000274       ,      10/08/2009,             107,21  ,     0    , 
 ,     28147371  ,     ESU84019223        ,                   ,      0990000275       ,      15/05/2009,              25,23  ,     0    , 
 ,     28036497  ,     ESA28982718        ,                   ,      0990000276       ,      25/05/2009,            1613,65  ,     0    , 
 ,     30053775  ,     ESB73565178        ,                   ,      0990000277       ,      11/05/2009,             326,95  ,     0    ,  ,     28002121  ,     ESA78499092        ,                   ,      0990000278       ,      25/05/2009,             974,69  ,     0    , 
 ,     28006273  ,     ESB78433752        ,                   ,      0990000279       ,      11/05/2009,             119,90  ,     0    , 
 ,     50000796  ,     ESB50063569        ,                   ,      0990000280       ,      25/05/2009,            1022,25  ,     0    , 
 ,     16000125  ,     ESB16016875        ,                   ,      0990000281       ,      20/05/2009,             478,59  ,     0    , 
 ,     28003888  ,     ESA28967149        ,                   ,      0990000282       ,      15/06/2009,              61,72  ,     0    , 
 ,     28086250  ,     ESB83460295        ,                   ,      0990000283       ,      10/07/2009,            1107,22  ,     0    , 
 ,     33008143  ,     ESB33660440        ,                   ,      0990000284       ,      25/08/2009,             233,82  ,     0    , 
 ,     30005524  ,     ESB30472153        ,                   ,      0990000285       ,      11/05/2009,             450,65  ,     0    , 
 ,     37004530  ,     ESB37393584        ,                   ,      0990000286       ,      11/05/2009,              85,82  ,     0    , 
 ,     28000810  ,     ESA28038784        ,                   ,      0990000287       ,      10/08/2009,             151,98  ,     0    , 
 ,     8084807   ,     ESB60226529        ,                   ,      0990000288       ,      25/05/2009,             192,93  ,     0    , 
 ,     15000106  ,     ESA15168156        ,                   ,      0990000289       ,      25/07/2009,             116,24  ,     0    , 
 ,     43001765  ,     ESA43025618        ,                   ,      0990000290       ,      25/06/2009,             269,00  ,     0    , 
 ,     43024655  ,     ESB43816271        ,                   ,      0990000292       ,      10/06/2009,             223,93  ,     0    , 
 ,     28180143  ,     ESB85534089        ,                   ,      0990000293       ,      10/06/2009,             200,39  ,     0    , 
 ,     11002005  ,     ESB11668878        ,                   ,      0990000294       ,      10/06/2009,            5354,29  ,     0    , 
 ,     29005282  ,     ESB29370434        ,                   ,      0990000295       ,      09/08/2009,            1757,39  ,     0    , 
 ,     15001530  ,     ESA15149271        ,                   ,      0990000296       ,      20/05/2009,             387,54  ,     0    , 
 ,     28021065  ,     ESB80825805        ,                   ,      0990000297       ,      20/05/2009,             386,48  ,     0    , 
 ,     44000397  ,     ESB44144848        ,                   ,      0990000298       ,      11/05/2009,            1005,31  ,     0    , 
 ,     28157912  ,     ESB85187292        ,                   ,      0990000299       ,      25/08/2009,             488,00  ,     0    , 
 ,     28157912  ,     ESB85187292        ,                   ,      0990000300       ,      25/08/2009,             104,50  ,     0    , 
 ,     28157912  ,     ESB85187292        ,                   ,      0990000301       ,      25/08/2009,             128,98  ,     0    , 
 ,     28157912  ,     ESB85187292        ,                   ,      0990000302       ,      25/08/2009,             458,08  ,     0    , 
 ,     37004530  ,     ESB37393584        ,                   ,      0990000303       ,      11/05/2009,              85,82  ,     0    , 
 ,     15001530  ,     ESA15149271        ,                   ,      0990000304       ,      20/05/2009,             122,46  ,     0    , 
 ,     28036497  ,     ESA28982718        ,                   ,      0990000305       ,      25/05/2009,             149,50  ,     0    , 
 ,     8000635   ,     ESA08112716        ,                   ,      0990000306       ,      20/06/2009,             788,23  ,     0    , 
 ,     8000635   ,     ESA08112716        ,                   ,      0990000307       ,      20/06/2009,            1518,94  ,     0    , 
 ,     30004092  ,     ESB30617211        ,                   ,      0990000308       ,      13/06/2009,             465,83  ,     0    , 
 ,     18004173  ,     ESB18464677        ,                   ,      0990000309       ,      13/06/2009,            6896,49  ,     0    , 
 ,     21001790  ,     ESA21011903        ,                   ,      0990000310       ,      14/05/2009,             758,57  ,     0    , 
 ,     43024655  ,     ESB43816271        ,                   ,      0990000311       ,      13/06/2009,             598,84  ,     0    , 
 ,     28030817  ,     ESA81940371        ,                   ,      0990000312       ,      25/08/2009,            3844,08  ,     0    , 
 ,     50000709  ,     ESA50174549        ,                   ,      0990000313       ,      15/05/2009,            1396,64  ,     0    , 
 ,     28010026  ,     ESA46146387        ,                   ,      0990000314       ,      25/08/2009,             525,50  ,     0    , 
 ,     11005674  ,     ESA18487314        ,                   ,      0990000315       ,      14/05/2009,             222,28  ,     0    , 
 ,     18000379  ,     ESA18041848        ,                   ,      0990000316       ,      25/07/2009,             627,70  ,     0    , 
 ,     19004586  ,     ESB19236157        ,                   ,      0990000317       ,      14/05/2009,             359,05  ,     0    , 
 ,     18005010  ,     ESB18362293        ,                   ,      0990000318       ,      13/02/2009,            2145,41  ,     0    , 
 ,     15000106  ,     ESA15168156        ,                   ,      0990000319       ,      25/07/2009,             543,32  ,     0    , 
 ,     28000111  ,     ESA28019206        ,                   ,      0990000320       ,      15/08/2009,            3812,07  ,     0    , 
 ,     31004952  ,     ESA31652092        ,                   ,      0990000321       ,      25/05/2009,            1290,47  ,     0    , 
 ,     17004107  ,     ESA17040361        ,                   ,      0990000328       ,      20/05/2009,             193,79  ,     0    , 
 ,     19000107  ,     ESA79211744        ,                   ,      0990000329       ,      30/05/2009,             705,21  ,     0    , 
 ,     43001765  ,     ESA43025618        ,                   ,      0990000330       ,      25/06/2009,            1256,92  ,     0    , 
 ,     28083767  ,     ESB83399550        ,                   ,      0990000331       ,      15/08/2009,            5933,41  ,     0    , 
 ,     28157912  ,     ESB85187292        ,                   ,      0990000332       ,      25/08/2009,             482,66  ,     0    , 
 ,     28157912  ,     ESB85187292        ,                   ,      0990000333       ,      25/08/2009,            1284,18  ,     0    , 
 ,     46029383  ,     ESB97060321        ,                   ,      0990000335       ,      14/05/2009,             580,48  ,     0    , 
 ,     32000036  ,     ESA32015844        ,                   ,      0990000336       ,      23/08/2009,             750,51  ,     0    , 
 ,     28017698  ,     ESA28949386        ,                   ,      0990000337       ,      10/07/2009,             446,94  ,     0    , 
 ,     33008143  ,     ESB33660440        ,                   ,      0990000338       ,      25/08/2009,             531,14  ,     0    , 
 ,     41011837  ,     ESB91016121        ,                   ,      0990000339       ,      14/05/2009,            1887,33  ,     0    , 
 ,     22000406  ,     ESB22165096        ,                   ,      0990000340       ,      25/05/2009,             417,88  ,     0    ,  ,     28003888  ,     ESA28967149        ,                   ,      0990000341       ,      15/06/2009,            2125,92  ,     0    , 
 ,     26000341  ,     ESB26033332        ,                   ,      0990000342       ,      14/05/2009,             244,54  ,     0    , 
 ,     30053775  ,     ESB73565178        ,                   ,      0990000344       ,      14/05/2009,             446,25  ,     0    , 
 ,     471032340 ,     33097              ,                   ,      0990000347       ,      17/02/2009,            7473,50  ,     0    , 
 ,     11005674  ,     ESA18487314        ,                   ,      0990000348       ,      25/07/2009,             222,28  ,     0    , 
 ,     15001530  ,     ESA15149271        ,                   ,      0990000349       ,      20/06/2009,            7484,60  ,     0    , 
 ,     8000635   ,     ESA08112716        ,                   ,      0990000350       ,      20/06/2009,            1883,28  ,     0    , 
 ,     8000635   ,     ESA08112716        ,                   ,      0990000351       ,      20/06/2009,             189,51  ,     0    , 
 ,     8000635   ,     ESA08112716        ,                   ,      0990000352       ,      20/06/2009,            2097,99  ,     0    , 
 ,     37004530  ,     ESB37393584        ,                   ,      0990000353       ,      21/05/2009,            1004,43  ,     0    , 
 ,     18004173  ,     ESB18464677        ,                   ,      0990000354       ,      20/06/2009,            1096,57  ,     0    , 
 ,     41005751  ,     ESB41054644        ,                   ,      0990000355       ,      25/05/2009,             800,79  ,     0    , 
 ,     43024655  ,     ESB43816271        ,                   ,      0990000356       ,      20/06/2009,             322,94  ,     0    , 
 ,     28014540  ,     ESA28849495        ,                   ,      0990000357       ,      15/06/2009,            1391,15  ,     0    , 
 ,     50030182  ,     ESB99118556        ,                   ,      0990000358       ,      25/05/2009,             265,66  ,     0    , 
 ,     28010026  ,     ESA46146387        ,                   ,      0990000360       ,      25/08/2009,             454,73  ,     0    , 
 ,     4027191   ,     ESB04620852        ,                   ,      0990000361       ,      20/06/2009,             526,11  ,     0    , 
 ,     28021065  ,     ESB80825805        ,                   ,      0990000362       ,      05/06/2009,             486,26  ,     0    , 
 ,     28021065  ,     ESB80825805        ,                   ,      0990000363       ,      05/06/2009,              68,72  ,     0    , 
 ,     28002121  ,     ESA78499092        ,                   ,      0990000364       ,      25/05/2009,            1199,51  ,     0    , 
 ,     8000542   ,     ESA08153900        ,                   ,      0990000365       ,      25/05/2009,             214,70  ,     0    , 
 ,     41048031  ,     ES28686190S        ,                   ,      0990000366       ,      20/02/2009,             262,84  ,     0    , 
 ,     11005674  ,     ESA18487314        ,                   ,      0990000367       ,      25/07/2009,             109,07  ,     0    , 
 ,     28064126  ,     ESB82893413        ,                   ,      0990000368       ,      05/06/2009,              46,63  ,     0    , 
 ,     28064126  ,     ESB82893413        ,                   ,      0990000369       ,      05/06/2009,              30,76  ,     0    , 
 ,     19004586  ,     ESB19236157        ,                   ,      0990000370       ,      21/05/2009,            1401,48  ,     0    , 
 ,     50018421  ,     ESB50814904        ,                   ,      0990000371       ,      21/05/2009,             393,59  ,     0    , 
 ,     18005010  ,     ESB18362293        ,                   ,      0990000372       ,      20/02/2009,             122,17  ,     0    , 
 ,     28000799  ,     ESA28476208        ,                   ,      0990000373       ,      30/05/2009,             762,65  ,     0    , 
 ,     15000106  ,     ESA15168156        ,                   ,      0990000374       ,      25/07/2009,             228,67  ,     0    , 
 ,     31002059  ,     ESB31231319        ,                   ,      0990000375       ,      25/06/2009,             873,94  ,     0    , 
 ,     28022705  ,     ESB78531324        ,                   ,      0990000376       ,      20/02/2009,              22,39  ,     0    , 
 ,     11002005  ,     ESB11668878        ,                   ,      0990000377       ,      20/06/2009,            4710,17  ,     0    , 
 ,     28000111  ,     ESA28019206        ,                   ,      0990000378       ,      25/08/2009,            2459,94  ,     0    , 
 ,     28000111  ,     ESA28019206        ,                   ,      0990000379       ,      25/08/2009,             461,51  ,     0    , 
 ,     30013163  ,     ESB73018418        ,                   ,      0990000380       ,      20/06/2009,             909,54  ,     0    , 
 ,     32000871  ,     ESB32005258        ,                   ,      0990000381       ,      20/06/2009,             875,07  ,     0    , 
 ,     29005282  ,     ESB29370434        ,                   ,      0990000382       ,      19/08/2009,            2529,17  ,     0    , 
 ,     28086250  ,     ESB83460295        ,                   ,      0990000383       ,      20/07/2009,             902,68  ,     0    , 
 ,     43001765  ,     ESA43025618        ,                   ,      0990000384       ,      25/06/2009,             276,11  ,     0    , 
 ,     14012301  ,     ESB14617922        ,                   ,      0990000385       ,      20/02/2009,             318,14  ,     0    , 
 ,     17000676  ,     ESA17045568        ,                   ,      0990000386       ,      25/05/2009,             293,96  ,     0    , 
 ,     28039729  ,     ESB79164588        ,                   ,      0990000387       ,      21/05/2009,             174,97  ,     0    , 
 ,     28033020  ,     ESA81715211        ,                   ,      0990000388       ,      10/06/2009,             998,08  ,     0    , 
 ,     28026646  ,     ESA28241255        ,                   ,      0990000389       ,      25/07/2009,            1714,60  ,     0    , 
 ,     151071737 ,     PT500183856        ,                   ,      0990000390       ,      21/04/2009,             899,11  ,     0    , 
 ,     33004235  ,     ESB33805185        ,                   ,      0990000391       ,      25/06/2009,              53,74  ,     0    , 
 ,     28083767  ,     ESB83399550        ,                   ,      0990000392       ,      30/08/2009,            3673,36  ,     0    , 
 ,     28001242  ,     ESA28012359        ,                   ,      0990000393       ,      05/06/2009,            6417,94  ,     0    , 
 ,     42002196  ,     ESB42184408        ,                   ,      0990000394       ,      21/05/2009,            1573,89  ,     0    , 
 ,     28157912  ,     ESB85187292        ,                   ,      0990000395       ,      25/08/2009,            1047,29  ,     0    , 
 ,     28157912  ,     ESB85187292        ,                   ,      0990000396       ,      25/08/2009,            1713,93  ,     0    , 
 ,     19000382  ,     ESA19159672        ,                   ,      0990000397       ,      21/04/2009,             224,74  ,     0    , 
 ,     50009230  ,     ESB50805050        ,                   ,      0990000398       ,      10/06/2009,             857,79  ,     0    , 
 ,     151079793 ,     PT504427997        ,                   ,      0990000399       ,      21/05/2009,             897,29  ,     0    ,  ,     50001255  ,     ESA50034404        ,                   ,      0990000401       ,      25/05/2009,             558,66  ,     0    , 
 ,     41002861  ,     ESB41545609        ,                   ,      0990000402       ,      20/06/2009,             386,47  ,     0    , 
 ,     6018648   ,     ES06177901D        ,                   ,      0990000403       ,      21/04/2009,             118,13  ,     0    , 
 ,     28006539  ,     ESA28009389        ,                   ,      0990000404       ,      20/06/2009,            1270,69  ,     0    , 
 ,     41011837  ,     ESB91016121        ,                   ,      0990000405       ,      21/05/2009,             426,50  ,     0    , 
 ,     22000406  ,     ESB22165096        ,                   ,      0990000406       ,      25/05/2009,              24,10  ,     0    , 
 ,     46016758  ,     ESB96725205        ,                   ,      0990000407       ,      10/09/2009,             996,73  ,     0    , 
 ,     28003888  ,     ESA28967149        ,                   ,      0990000408       ,      30/06/2009,            2629,34  ,     0    , 
 ,     26000341  ,     ESB26033332        ,                   ,      0990000409       ,      21/05/2009,             382,03  ,     0    , 
 ,     30053775  ,     ESB73565178        ,                   ,      0990000410       ,      21/05/2009,             241,56  ,     0    , 
 ,     28000810  ,     ESA28038784        ,                   ,      0990000411       ,      25/08/2009,            3808,28  ,     0    , 
 ,     28001699  ,     ESA28357093        ,                   ,      0990000412       ,      20/08/2009,             226,13  ,     0    , 
 ,     49003713  ,     ESB33584913        ,                   ,      0990000413       ,      20/06/2009,             346,84  ,     0    , 
 ,     25002017  ,     ESA25200536        ,                   ,      0990000414       ,      20/06/2009,            2966,73  ,     0    , 
 ,     13005379  ,     ESB13339007        ,                   ,      0990000415       ,      24/05/2009,            2918,62  ,     0    , 
 ,     41002861  ,     ESB41545609        ,                   ,      0990000416       ,      23/06/2009,             443,25  ,     0    , 
 ,     46049340  ,     ESB97409841        ,                   ,      0990000417       ,      10/09/2009,            5289,09  ,     0    , 
 ,     28036497  ,     ESA28982718        ,                   ,      0990000418       ,      25/06/2009,             831,67  ,     0    , 
 ,     8000635   ,     ESA08112716        ,                   ,      0990000419       ,      20/07/2009,            1094,97  ,     0    , 
 ,     8000635   ,     ESA08112716        ,                   ,      0990000420       ,      20/07/2009,             293,34  ,     0    , 
 ,     18004173  ,     ESB18464677        ,                   ,      0990000421       ,      25/06/2009,            1752,20  ,     0    , 
 ,     43024655  ,     ESB43816271        ,                   ,      0990000422       ,      25/06/2009,              76,68  ,     0    , 
 ,     50030182  ,     ESB99118556        ,                   ,      0990000423       ,      10/06/2009,             331,69  ,     0    , 
 ,     13005379  ,     ESB13339007        ,                   ,      0990000425       ,      25/02/2009,             164,87  ,     0    , 
 ,     28021065  ,     ESB80825805        ,                   ,      0990000426       ,      05/06/2009,             127,07  ,     0    , 
 ,     50001554  ,     ESA50316595        ,                   ,      0990000427       ,      15/06/2009,             706,15  ,     0    , 
 ,     50006386  ,     ESA50048941        ,                   ,      0990000428       ,      30/05/2009,             402,91  ,     0    , 
 ,     41048031  ,     ES28686190S        ,                   ,      0990000429       ,      25/02/2009,              42,42  ,     0    , 
 ,     15017116  ,     ESB15812043        ,                   ,      0990000430       ,      26/05/2009,             603,86  ,     0    , 
 ,     19004586  ,     ESB19236157        ,                   ,      0990000431       ,      26/05/2009,             227,99  ,     0    , 
 ,     44000178  ,     ESA44026904        ,                   ,      0990000432       ,      26/04/2009,            1250,02  ,     0    , 
 ,     31002059  ,     ESB31231319        ,                   ,      0990000433       ,      25/06/2009,              70,25  ,     0    , 
 ,     11002005  ,     ESB11668878        ,                   ,      0990000434       ,      25/06/2009,           10147,22  ,     0    , 
 ,     28000111  ,     ESA28019206        ,                   ,      0990000435       ,      25/08/2009,            1080,06  ,     0    , 
 ,     28006018  ,     ESA28545242        ,                   ,      0990000443       ,      25/06/2009,            1950,92  ,     0    , 
 ,     28083767  ,     ESB83399550        ,                   ,      0990000444       ,      30/08/2009,             966,96  ,     0    , 
 ,     17004107  ,     ESA17040361        ,                   ,      0990000446       ,      20/06/2009,             916,69  ,     0    , 
 ,     29005282  ,     ESB29370434        ,                   ,      0990000447       ,      24/08/2009,             739,84  ,     0    , 
 ,     28002119  ,     ESA28010478        ,                   ,      0990000448       ,      10/09/2009,             219,44  ,     0    , 
 ,     28033020  ,     ESA81715211        ,                   ,      0990000449       ,      10/06/2009,            1099,67  ,     0    , 
 ,     28001245  ,     ESA19001205        ,                   ,      0990000450       ,      30/08/2009,            2120,50  ,     0    , 
 ,     28006966  ,     ESA79607313        ,                   ,      0990000451       ,      24/08/2009,            2160,18  ,     0    , 
 ,     28017698  ,     ESA28949386        ,                   ,      0990000453       ,      10/07/2009,             810,92  ,     0    , 
 ,     43023954  ,     ESU64847171        ,                   ,      0990000454       ,      25/06/2009,           11721,02  ,     0    , 
 ,     28003888  ,     ESA28967149        ,                   ,      0990000455       ,      30/06/2009,             395,66  ,     0    , 
 ,     28022693  ,     ESA81288532        ,                   ,      0990000456       ,      25/06/2009,             889,86  ,     0    , 
 ,     30053775  ,     ESB73565178        ,                   ,      0990000457       ,      26/05/2009,            1096,83  ,     0    , 
 ,     28061614  ,     ESB80856685        ,                   ,      0990000458       ,      26/05/2009,             150,19  ,     0    , 
 ,     28000799  ,     ESA28476208        ,                   ,      0990000460       ,      30/05/2009,            2564,34  ,     0    , 
 ,     26000315  ,     ESA26038265        ,                   ,      0990000461       ,      27/02/2009,            1186,78  ,     0    , 
 ,     8049411   ,     ESB60917143        ,                   ,      0990000462       ,      05/06/2009,            1806,65  ,     0    , 
 ,     15001530  ,     ESA15149271        ,                   ,      0990000463       ,      20/06/2009,              63,93  ,     0    , 
 ,     28036497  ,     ESA28982718        ,                   ,      0990000464       ,      25/06/2009,              47,88  ,     0    , 
 ,     37004530  ,     ESB37393584        ,                   ,      0990000465       ,      28/05/2009,            1354,14  ,     0    , 
 ,     50000796  ,     ESB50063569        ,                   ,      0990000466       ,      25/06/2009,            1337,96  ,     0    ,  ,     28010026  ,     ESA46146387        ,                   ,      0990000467       ,      10/09/2009,             126,42  ,     0    , 
 ,     28021065  ,     ESB80825805        ,                   ,      0990000468       ,      05/06/2009,              55,58  ,     0    , 
 ,     50001554  ,     ESA50316595        ,                   ,      0990000469       ,      15/06/2009,             244,96  ,     0    , 
 ,     18000379  ,     ESA18041848        ,                   ,      0990000470       ,      25/08/2009,             333,92  ,     0    , 
 ,     15017116  ,     ESB15812043        ,                   ,      0990000471       ,      28/05/2009,             314,68  ,     0    , 
 ,     11002005  ,     ESB11668878        ,                   ,      0990000472       ,      27/06/2009,            1235,41  ,     0    , 
 ,     28019345  ,     ESA81196743        ,                   ,      0990000473       ,      30/06/2009,            3913,99  ,     0    , 
 ,     28180143  ,     ESB85534089        ,                   ,      0990000474       ,      27/06/2009,             174,82  ,     0    , 
 ,     28033020  ,     ESA81715211        ,                   ,      0990000475       ,      10/06/2009,             574,51  ,     0    , 
 ,     11000773  ,     ESB11609617        ,                   ,      0990000476       ,      10/07/2009,            2435,66  ,     0    , 
 ,     6000105   ,     ESA06009104        ,                   ,      0990000477       ,      20/09/2009,            5225,96  ,     0    , 
 ,     28026646  ,     ESA28241255        ,                   ,      0990000478       ,      25/08/2009,             512,58  ,     0    , 
 ,     28006609  ,     ESA78066487        ,                   ,      0990000479       ,      05/09/2009,             204,55  ,     0    , 
 ,     28006609  ,     ESA78066487        ,                   ,      0990000480       ,      05/09/2009,             183,19  ,     0    , 
 ,     28006609  ,     ESA78066487        ,                   ,      0990000481       ,      05/09/2009,             232,43  ,     0    , 
 ,     43009977  ,     ESB43700731        ,                   ,      0990000482       ,      15/06/2009,             329,44  ,     0    , 
 ,     33004235  ,     ESB33805185        ,                   ,      0990000483       ,      27/07/2009,              56,72  ,     0    , 
 ,     28083767  ,     ESB83399550        ,                   ,      0990000484       ,      30/08/2009,             734,94  ,     0    , 
 ,     28157912  ,     ESB85187292        ,                   ,      0990000486       ,      25/09/2009,             175,08  ,     0    , 
 ,     50009230  ,     ESB50805050        ,                   ,      0990000487       ,      10/06/2009,             635,85  ,     0    , 
 ,     3007273   ,     ESB03284635        ,                   ,      0990000488       ,      25/09/2009,            2170,89  ,     0    , 
 ,     28017698  ,     ESA28949386        ,                   ,      0990000489       ,      10/07/2009,             618,12  ,     0    , 
 ,     41002861  ,     ESB41545609        ,                   ,      0990000490       ,      27/06/2009,             200,95  ,     0    , 
 ,     45013928  ,     ESB45646569        ,                   ,      0990000491       ,      28/05/2009,             342,65  ,     0    , 
 ,     22000406  ,     ESB22165096        ,                   ,      0990000492       ,      25/06/2009,             115,43  ,     0    , 
 ,     28003888  ,     ESA28967149        ,                   ,      0990000493       ,      30/06/2009,            1807,27  ,     0    , 
 ,     28000810  ,     ESA28038784        ,                   ,      0990000496       ,      10/09/2009,             599,88  ,     0    , 